100.000 0.000
99.970 2.443
99.881 4.885
99.731 7.324
99.523 9.758
99.255 12.187
98.927 14.608
98.541 17.021
98.096 19.423
97.592 21.814
97.030 24.192
96.410 26.556
95.732 28.903
94.997 31.233
94.206 33.545
93.358 35.837
92.455 38.107
91.496 40.355
90.483 42.578
89.415 44.776
88.295 46.947
87.121 49.090
85.896 51.204
84.619 53.288
83.292 55.339
81.915 57.358
80.489 59.342
79.016 61.291
77.494 63.203
75.927 65.077
74.314 66.913
72.657 68.709
70.957 70.463
69.214 72.176
67.430 73.846
65.606 75.471
63.742 77.051
61.841 78.586
59.902 80.073
57.928 81.513
55.919 82.904
53.877 84.245
51.803 85.536
49.697 86.777
47.562 87.965
45.399 89.101
43.209 90.183
40.992 91.212
38.752 92.186
36.488 93.106
34.202 93.969
31.896 94.777
29.571 95.528
27.228 96.222
24.869 96.858
22.495 97.437
20.108 97.958
17.708 98.420
15.299 98.823
12.880 99.167
10.453 99.452
8.020 99.678
5.582 99.844
3.141 99.951
0.698 99.998
-1.745 99.985
-4.188 99.912
-6.627 99.780
-9.063 99.588
-11.494 99.337
-13.917 99.027
-16.333 98.657
-18.738 98.229
-21.132 97.742
-23.514 97.196
-25.882 96.593
-28.234 95.931
-30.570 95.213
-32.887 94.438
-35.184 93.606
-37.461 92.718
-39.715 91.775
-41.945 90.778
-44.151 89.726
-46.330 88.620
-48.481 87.462
-50.603 86.251
-52.696 84.989
-54.756 83.676
-56.784 82.314
-58.779 80.902
-60.738 79.441
-62.660 77.934
-64.546 76.380
-66.393 74.780
-68.200 73.135
-69.966 71.447
-71.691 69.717
-73.373 67.944
-75.011 66.131
-76.604 64.279
-78.152 62.388
-79.653 60.460
-81.106 58.496
-82.511 56.497
-83.867 54.464
-85.173 52.399
-86.427 50.302
-87.631 48.175
-88.782 46.020
-89.879 43.837
-90.924 41.628
-91.914 39.394
-92.849 37.137
-93.728 34.857
-94.552 32.557
-95.319 30.237
-96.029 27.899
-96.682 25.545
-97.278 23.175
-97.815 20.791
-98.294 18.395
-98.714 15.988
-99.075 13.572
-99.377 11.147
-99.619 8.716
-99.803 6.279
-99.926 3.839
-99.990 1.396
-99.995 -1.047
-99.939 -3.490
-99.824 -5.931
-99.649 -8.368
-99.415 -10.800
-99.122 -13.226
-98.769 -15.643
-98.357 -18.052
-97.887 -20.450
-97.358 -22.835
-96.771 -25.207
-96.126 -27.564
-95.424 -29.904
-94.665 -32.227
-93.849 -34.530
-92.978 -36.812
-92.050 -39.073
-91.068 -41.310
-90.032 -43.523
-88.942 -45.710
-87.798 -47.869
-86.603 -50.000
-85.355 -52.101
-84.057 -54.171
-82.708 -56.208
-81.310 -58.212
-79.864 -60.182
-78.369 -62.115
-76.828 -64.011
-75.241 -65.869
-73.610 -67.688
-71.934 -69.466
-70.215 -71.203
-68.455 -72.897
-66.653 -74.548
-64.812 -76.154
-62.932 -77.715
-61.015 -79.229
-59.061 -80.696
-57.071 -82.115
-55.048 -83.485
-52.992 -84.805
-50.904 -86.074
-48.786 -87.292
-46.639 -88.458
-44.464 -89.571
-42.262 -90.631
-40.035 -91.636
-37.784 -92.587
-35.511 -93.483
-33.216 -94.322
-30.902 -95.106
-28.569 -95.832
-26.219 -96.502
-23.853 -97.113
-21.474 -97.667
-19.081 -98.163
-16.677 -98.600
-14.263 -98.978
-11.840 -99.297
-9.411 -99.556
-6.976 -99.756
-4.536 -99.897
-2.094 -99.978
0.349 -99.999
2.792 -99.961
5.234 -99.863
7.672 -99.705
10.106 -99.488
12.533 -99.211
14.954 -98.876
17.365 -98.481
19.766 -98.027
22.155 -97.515
24.531 -96.945
26.892 -96.316
29.237 -95.630
31.565 -94.888
33.874 -94.088
36.162 -93.232
38.430 -92.321
40.674 -91.355
42.894 -90.334
45.088 -89.259
47.255 -88.130
49.394 -86.949
51.504 -85.717
53.583 -84.433
55.630 -83.098
57.643 -81.714
59.622 -80.282
61.566 -78.801
63.473 -77.273
65.342 -75.700
67.172 -74.080
68.962 -72.417
70.711 -70.711
72.417 -68.962
74.080 -67.172
75.700 -65.342
77.273 -63.473
78.801 -61.566
80.282 -59.622
81.714 -57.643
83.098 -55.630
84.433 -53.583
85.717 -51.504
86.949 -49.394
88.130 -47.255
89.259 -45.088
90.334 -42.894
91.355 -40.674
92.321 -38.430
93.232 -36.162
94.088 -33.874
94.888 -31.565
95.630 -29.237
96.316 -26.892
96.945 -24.531
97.515 -22.155
98.027 -19.766
98.481 -17.365
98.876 -14.954
99.211 -12.533
99.488 -10.106
99.705 -7.672
99.863 -5.234
99.961 -2.792
99.999 -0.349
