100.0 0.0
100.0 1.4
100.0 2.8
100.0 4.2
100.0 5.6
100.0 7.0
100.0 8.4
100.0 9.8
100.0 11.2
100.0 12.6
100.0 14.0
100.0 15.4
100.0 16.8
100.0 18.2
100.0 19.6
100.0 21.0
100.0 22.4
100.0 23.8
100.0 25.2
100.0 26.6
100.0 28.0
100.0 29.4
100.0 30.8
100.0 32.2
100.0 33.6
100.0 35.0
100.0 36.4
100.0 37.8
100.0 39.2
100.0 40.6
100.0 42.0
100.0 43.4
100.0 44.8
100.0 46.2
100.0 47.6
100.0 49.0
100.0 50.4
100.0 51.8
100.0 53.2
100.0 54.6
100.0 56.0
100.0 57.4
100.0 58.8
100.0 60.2
100.0 61.6
100.0 63.0
100.0 64.4
100.0 65.8
100.0 67.2
100.0 68.6
100.0 70.0
100.0 71.4
100.0 72.8
100.0 74.2
100.0 75.6
100.0 77.0
100.0 78.4
100.0 79.8
100.0 81.2
100.0 82.6
100.0 84.0
100.0 85.4
100.0 86.8
100.0 88.2
100.0 89.6
100.0 91.0
100.0 92.4
100.0 93.8
100.0 95.2
100.0 96.6
100.0 98.0
100.0 99.4
100.0 100.8
100.0 102.2
100.0 103.6
100.0 105.0
100.0 106.4
100.0 107.8
100.0 109.2
100.0 110.6
100.0 112.0
100.0 113.4
100.0 114.8
100.0 116.2
100.0 117.6
100.0 119.0
100.0 120.4
100.0 121.8
100.0 123.2
100.0 124.6
100.0 126.0
100.0 127.4
100.0 128.8
100.0 130.2
100.0 131.6
100.0 133.0
100.0 134.4
100.0 135.8
100.0 137.2
100.0 138.6
100.0 140.0
100.0 141.4
100.0 142.8
100.0 144.2
100.0 145.6
100.0 147.0
100.0 148.4
100.0 149.8
100.0 151.2
100.0 152.6
100.0 154.0
100.0 155.4
100.0 156.8
100.0 158.2
100.0 159.6
100.0 161.0
100.0 162.4
100.0 163.8
100.0 165.2
100.0 166.6
100.0 168.0
100.0 169.4
100.0 170.8
100.0 172.2
100.0 173.6
100.0 175.0
100.0 176.4
100.0 177.8
100.0 179.2
100.0 180.6
100.0 182.0
100.0 183.4
100.0 184.8
100.0 186.2
100.0 187.6
100.0 189.0
100.0 190.4
100.0 191.8
100.0 193.2
100.0 194.6
100.0 196.0
100.0 197.4
100.0 198.8
100.0 200.2
100.0 201.6
100.0 203.0
100.0 204.4
100.0 205.8
100.0 207.2
100.0 208.6
100.0 210.0
100.0 211.4
100.0 212.8
100.0 214.2
100.0 215.6
100.0 217.0
100.0 218.4
100.0 219.8
100.0 221.2
100.0 222.6
100.0 224.0
100.0 225.4
100.0 226.8
100.0 228.2
100.0 229.6
100.0 231.0
100.0 232.4
100.0 233.8
100.0 235.2
100.0 236.6
100.0 238.0
100.0 239.4
100.0 240.8
100.0 242.2
100.0 243.6
100.0 245.0
100.0 246.4
100.0 247.8
100.0 249.2
100.0 250.6
100.0 252.0
100.0 253.4
100.0 254.8
100.0 256.2
100.0 257.6
100.0 259.0
100.0 260.4
100.0 261.8
100.0 263.2
100.0 264.6
100.0 266.0
100.0 267.4
100.0 268.8
100.0 270.2
100.0 271.6
100.0 273.0
100.0 274.4
100.0 275.8
100.0 277.2
100.0 278.6
100.0 280.0
100.0 281.4
100.0 282.8
100.0 284.2
100.0 285.6
100.0 287.0
100.0 288.4
100.0 289.8
100.0 291.2
100.0 292.6
100.0 294.0
100.0 295.4
100.0 296.8
100.0 298.2
100.0 299.6
100.0 301.0
100.0 302.4
100.0 303.8
100.0 305.2
100.0 306.6
100.0 308.0
100.0 309.4
100.0 310.8
100.0 312.2
100.0 313.6
100.0 315.0
100.0 316.4
100.0 317.8
100.0 319.2
100.0 320.6
100.0 322.0
100.0 323.4
100.0 324.8
100.0 326.2
100.0 327.6
100.0 329.0
100.0 330.4
100.0 331.8
100.0 333.2
100.0 334.6
100.0 336.0
100.0 337.4
100.0 338.8
100.0 340.2
100.0 341.6
100.0 343.0
100.0 344.4
100.0 345.8
100.0 347.2
100.0 348.6
100.0 350.0
100.0 351.4
100.0 352.8
100.0 354.2
100.0 355.6
100.0 357.0
100.0 358.4
100.0 359.8
